MADNESS MRA-PNO INFORMATION
pairinfo=0,1,2,2.2,1.1,1.1,1.1,2.2,2.2
nuclear_repulsion=2.90766
occinfo=-4.72758,-0.501794,-0.39089,0.0170299,0.00680676,0.00460267,0.00460267,0.00431475,0.00431475