MADNESS MRA-PNO INFORMATION
pairinfo=0,1,2,2.2,1.1,1.1,1.1,2.2,2.2,2.2,1.1
nuclear_repulsion=3.97502
occinfo=-4.62737,-0.532313,-0.468481,0.00654861,0.00526483,0.00458045,0.00458045,0.004538,0.004538,0.0041238,0.00304714