MADNESS MRA-PNO INFORMATION
pairinfo=0,1,2,2.2,1.1,1.1,1.1,1.1,2.2,2.2,2.2
nuclear_repulsion=1.60836
occinfo=-4.88195,-0.35483,-0.337269,0.0782259,0.0622079,0.00355919,0.00355919,0.0033568,0.00333363,0.00333363,0.00322879