MADNESS MRA-PNO INFORMATION
pairinfo=0,1,2,2.2,1.1,1.1,1.1,2.2,2.2
nuclear_repulsion=2.16036
occinfo=-4.81984,-0.421702,-0.365813,0.0319757,0.0188164,0.00435085,0.00435085,0.00400196,0.00400196