MADNESS MRA-PNO INFORMATION
pairinfo=0,1,2,2.2,1.1,1.1,1.1,2.2,2.2
nuclear_repulsion=3.00023
occinfo=-4.74227,-0.557061,-0.345866,0.0288541,0.00546785,0.00465113,0.00465113,0.00401744,0.00401744