MADNESS MRA-PNO INFORMATION
pairinfo=0,1,2,2.2,1.1
nuclear_repulsion=3.11627
occinfo=-4.70589,-0.516301,-0.400284,0.0145763,0.00587858