MADNESS MRA-PNO INFORMATION
pairinfo=0,1,2,2.2,1.1,1.1,1.1,2.2,2.2
nuclear_repulsion=2.88142
occinfo=-4.76384,-0.568291,-0.322212,0.0415015,0.00552271,0.00467023,0.00467023,0.00376227,0.00376227