MADNESS MRA-PNO INFORMATION
pairinfo=0,1,2,2.2,1.1
nuclear_repulsion=2.85325
occinfo=-4.72882,-0.479971,-0.406035,0.0147923,0.00797263