MADNESS MRA-PNO INFORMATION
pairinfo=0,1,2,2.2,1.1,1.1,1.1,2.2,2.2
nuclear_repulsion=2.19538
occinfo=-4.81367,-0.403338,-0.388989,0.0245563,0.0214643,0.00426617,0.00426617,0.00418112,0.00418112