MADNESS MRA-PNO INFORMATION
pairinfo=0,1,2,2.2,1.1
nuclear_repulsion=2.74157
occinfo=-4.755,-0.513671,-0.359164,0.025841,0.00693509