MADNESS MRA-PNO INFORMATION
pairinfo=0,1,2,2.2,1.1,1.1,1.1,2.2,2.2
nuclear_repulsion=1.90217
occinfo=-4.85421,-0.407734,-0.337766,0.0552529,0.0264414,0.00420174,0.00420174,0.00359756,0.00359756