MADNESS MRA-PNO INFORMATION
pairinfo=0,1,2,2.2,1.1,1.1,1.1,2.2,2.2
nuclear_repulsion=2.33777
occinfo=-4.81447,-0.519666,-0.302567,0.0678567,0.00854608,0.00464274,0.00464274,0.00334898,0.00334898