MADNESS MRA-PNO INFORMATION
pairinfo=0,1,2,1.1,2.2,2.2,2.2,1.1,1.1,2.2,1.1
nuclear_repulsion=1.66593
occinfo=-4.878,-0.35122,-0.35122,0.0605973,0.0605973,0.00355952,0.00355952,0.00355951,0.00355951,0.00327957,0.00327957