MADNESS MRA-PNO INFORMATION
pairinfo=0,1,2,2.2,1.1,1.1,1.1,2.2,2.2
nuclear_repulsion=2.95457
occinfo=-4.77771,-0.60182,-0.296229,0.0640535,0.00530081,0.00468999,0.00468999,0.00342238,0.00342238