MADNESS MRA-PNO INFORMATION
pairinfo=0,1,2,2.2,1.1,1.1,1.1,2.2,2.2,1.1,2.2
nuclear_repulsion=1.83664
occinfo=-4.86069,-0.371927,-0.360724,0.0447455,0.0396038,0.00388989,0.00388989,0.00378328,0.00378328,0.00336432,0.00330838