MADNESS MRA-PNO INFORMATION
pairinfo=0,1,2,2.2,1.1,1.1,1.1,1.1,2.2,2.2,2.2
nuclear_repulsion=1.99176
occinfo=-4.84801,-0.453278,-0.311274,0.0741105,0.0168592,0.00444879,0.00444879,0.0036566,0.00329696,0.00329696,0.00308782