MADNESS MRA-PNO INFORMATION
pairinfo=0,1,2,1.1,2.2,2.2,2.2,1.1,1.1,1.1,2.2
nuclear_repulsion=2.99867
occinfo=-4.70716,-0.451953,-0.451953,0.00922439,0.00922439,0.00452287,0.00452287,0.00452287,0.00452287,0.00402311,0.00402311