MADNESS MRA-PNO INFORMATION
pairinfo=0,1,2,2.2,1.1,1.1,1.1,2.2,2.2
nuclear_repulsion=1.92457
occinfo=-4.85248,-0.422042,-0.328346,0.0612477,0.0229234,0.00429373,0.00429373,0.00350216,0.00350216