MADNESS MRA-PNO INFORMATION
pairinfo=0,1,2,2.2,1.1,1.1,1.1,2.2,2.2
nuclear_repulsion=2.65219
occinfo=-4.78529,-0.553658,-0.310665,0.0527404,0.00616032,0.00467577,0.00467577,0.00357916,0.00357916