MADNESS MRA-PNO INFORMATION
pairinfo=0,1,2,2.2,1.1,1.1,1.1,2.2,2.2
nuclear_repulsion=2.92776
occinfo=-4.71812,-0.475998,-0.419201,0.0126734,0.00791771,0.0045665,0.0045665,0.00443276,0.00443276