MADNESS MRA-PNO INFORMATION
pairinfo=0,1,2,2.2,1.1,1.1,1.1,2.2,2.2,1.1,2.2
nuclear_repulsion=2.7173
occinfo=-4.77353,-0.547653,-0.323909,0.0420491,0.00613529,0.00466533,0.00466533,0.00375691,0.00375691,0.00371736,0.00344475