MADNESS MRA-PNO INFORMATION
pairinfo=0,1,2,2.2,1.1,1.1,1.1
nuclear_repulsion=2.18231
occinfo=-4.82176,-0.458342,-0.335278,0.045539,0.0140006,0.00449999,0.00449999