MADNESS MRA-PNO INFORMATION
pairinfo=0,1,2,2.2,1.1,1.1,1.1,2.2,2.2,1.1,2.2
nuclear_repulsion=2.57227
occinfo=-4.76138,-0.432765,-0.415693,0.0152134,0.013116,0.00445422,0.00445422,0.00439138,0.00439138,0.00384667,0.0038066