MADNESS MRA-PNO INFORMATION
pairinfo=0,1,2,2.2,1.1,1.1,1.1
nuclear_repulsion=1.93467
occinfo=-4.84992,-0.405336,-0.345299,0.0486697,0.0261217,0.00418858,0.00418858