MADNESS MRA-PNO INFORMATION
pairinfo=0,1,2,2.2,1.1,1.1,1.1
nuclear_repulsion=2.8475
occinfo=-4.77005,-0.571714,-0.31533,0.0466555,0.00553791,0.00467612,0.00467612