MADNESS MRA-PNO INFORMATION
pairinfo=0,1,2,2.2,1.1,1.1,1.1,2.2,2.2,1.1,2.2
nuclear_repulsion=1.91486
occinfo=-4.85132,-0.379063,-0.367092,0.0386303,0.0341055,0.00399163,0.00399163,0.00388879,0.00388879,0.00341281,0.00335964