MADNESS MRA-PNO INFORMATION
pairinfo=0,1,2,2.2,1.1,1.1,1.1,2.2,2.2
nuclear_repulsion=2.20527
occinfo=-4.813,-0.418724,-0.37559,0.0279093,0.01864,0.00434658,0.00434658,0.00409265,0.00409265