MADNESS MRA-PNO INFORMATION
pairinfo=0,1,2,2.2,1.1,1.1,1.1,2.2,2.2,1.1,2.2
nuclear_repulsion=1.76456
occinfo=-4.86907,-0.36522,-0.354807,0.0517459,0.0459201,0.00378391,0.00378391,0.00367439,0.00367439,0.00332879,0.00327357