MADNESS MRA-PNO INFORMATION
pairinfo=0,1,2,1.1,2.2
nuclear_repulsion=2.14191
occinfo=-4.82104,-0.391909,-0.391909,0.0248408,0.0248408