MADNESS MRA-PNO INFORMATION
pairinfo=0,1,2,2.2,1.1,1.1,1.1
nuclear_repulsion=2.4707
occinfo=-4.78398,-0.481444,-0.35486,0.030242,0.0097945,0.00457822,0.00457822