MADNESS MRA-PNO INFORMATION
pairinfo=0,1,2,2.2,1.1
nuclear_repulsion=4.12117
occinfo=-4.61522,-0.528268,-0.485711,0.00574875,0.00528321