MADNESS MRA-PNO INFORMATION
pairinfo=0,1,2,2.2,1.1,1.1,1.1,2.2,2.2
nuclear_repulsion=3.11459
occinfo=-4.74881,-0.585705,-0.328166,0.0366191,0.00526323,0.0046642,0.0046642,0.0038515,0.0038515