MADNESS MRA-PNO INFORMATION
pairinfo=0,1,2,2.2,1.1,1.1,1.1
nuclear_repulsion=1.89625
occinfo=-4.85665,-0.424088,-0.32199,0.068823,0.0230116,0.00428939,0.00428939