MADNESS MRA-PNO INFORMATION
pairinfo=0,1,2,2.2,1.1,1.1,1.1
nuclear_repulsion=3.01127
occinfo=-4.70699,-0.47204,-0.433281,0.010796,0.00786204,0.00455959,0.00455959