MADNESS MRA-PNO INFORMATION
pairinfo=0,1,2,2.2,1.1,1.1,1.1,1.1,2.2,2.2,2.2
nuclear_repulsion=2.57804
occinfo=-4.78376,-0.527824,-0.32584,0.0426234,0.00712138,0.00465257,0.00465257,0.00382183,0.0037507,0.0037507,0.00342235