MADNESS MRA-PNO INFORMATION
pairinfo=0,1,2,2.2,1.1
nuclear_repulsion=3.53895
occinfo=-4.66143,-0.522112,-0.439019,0.00904401,0.00459197