MADNESS MRA-PNO INFORMATION
pairinfo=0,1,2,2.2,1.1
nuclear_repulsion=2.74745
occinfo=-4.74006,-0.463239,-0.409172,0.0149237,0.00943683