MADNESS MRA-PNO INFORMATION
pairinfo=0,1,2,2.2,1.1,1.1,1.1,2.2,2.2
nuclear_repulsion=1.81729
occinfo=-4.86517,-0.413973,-0.318226,0.078902,0.0269841,0.00420421,0.00420421,0.00326145,0.00326145