MADNESS MRA-PNO INFORMATION
pairinfo=0,1,2,2.2,1.1,1.1,1.1
nuclear_repulsion=2.62107
occinfo=-4.76581,-0.495327,-0.361639,0.0261747,0.00820104,0.0046024,0.0046024