MADNESS MRA-PNO INFORMATION
pairinfo=0,1,2,2.2,1.1,1.1,1.1,2.2,2.2
nuclear_repulsion=2.27038
occinfo=-4.80472,-0.43203,-0.372744,0.0275405,0.015947,0.00441571,0.00441571,0.00409207,0.00409207