MADNESS MRA-PNO INFORMATION
pairinfo=0,1,2,2.2,1.1
nuclear_repulsion=2.57227
occinfo=-4.76138,-0.432765,-0.415693,0.0152127,0.0131193