MADNESS MRA-PNO INFORMATION
pairinfo=0,1,2,2.2,1.1,1.1,1.1,2.2,2.2
nuclear_repulsion=2.02263
occinfo=-4.83884,-0.414649,-0.350813,0.0422134,0.0223358,0.00428107,0.00428107,0.00380657,0.00380657