MADNESS MRA-PNO INFORMATION
pairinfo=0,1,2,2.2,1.1,1.1,1.1
nuclear_repulsion=2.75892
occinfo=-4.78584,-0.580289,-0.297404,0.0648392,0.00559047,0.0046909,0.0046909