MADNESS MRA-PNO INFORMATION
pairinfo=0,1,2,2.2,1.1
nuclear_repulsion=2.61418
occinfo=-4.77738,-0.524513,-0.333319,0.0377499,0.00705878