MADNESS MRA-PNO INFORMATION
pairinfo=0,1,2,2.2,1.1,1.1,1.1,2.2,2.2
nuclear_repulsion=2.57804
occinfo=-4.78376,-0.527824,-0.32584,0.0425342,0.00709621,0.00465258,0.00465258,0.0037507,0.0037507