MADNESS MRA-PNO INFORMATION
pairinfo=0,1,2,2.2,1.1,1.1,1.1,2.2,2.2
nuclear_repulsion=1.76947
occinfo=-4.86985,-0.402635,-0.320511,0.0805673,0.0313218,0.00410721,0.00410721,0.00325169,0.00325169