MADNESS MRA-PNO INFORMATION
pairinfo=0,1,2,2.2,1.1,1.1,1.1
nuclear_repulsion=2.01306
occinfo=-4.84197,-0.432545,-0.332887,0.0531919,0.0194029,0.00436092,0.00436092