MADNESS MRA-PNO INFORMATION
pairinfo=0,1,2,2.2,1.1,1.1,1.1
nuclear_repulsion=1.7958
occinfo=-4.86691,-0.400672,-0.326655,0.0716171,0.031072,0.00410383,0.00410383