MADNESS MRA-PNO INFORMATION
pairinfo=0,1,2,2.2,1.1,1.1,1.1,2.2,2.2
nuclear_repulsion=2.11034
occinfo=-4.82978,-0.4437,-0.33777,0.0462885,0.0164808,0.0044371,0.0044371,0.00371659,0.00371659