MADNESS MRA-PNO INFORMATION
pairinfo=0,1,2,2.2,1.1,1.1,1.1,2.2,2.2
nuclear_repulsion=2.3211
occinfo=-4.80944,-0.493712,-0.32331,0.0494519,0.0100397,0.00460179,0.00460179,0.0036432,0.0036432