MADNESS MRA-PNO INFORMATION
pairinfo=0,1,2,2.2,1.1,1.1,1.1,2.2,2.2
nuclear_repulsion=1.68553
occinfo=-4.8769,-0.382204,-0.324946,0.0838382,0.0417778,0.00389831,0.00389831,0.0032356,0.0032356