MADNESS MRA-PNO INFORMATION
pairinfo=0,1,2,2.2,1.1
nuclear_repulsion=2.3649
occinfo=-4.81003,-0.51714,-0.308324,0.0609402,0.00853208