MADNESS MRA-PNO INFORMATION
pairinfo=0,1,2,2.2,1.1,1.1,1.1,2.2,2.2,1.1,2.2
nuclear_repulsion=2.78635
occinfo=-4.73892,-0.483903,-0.393739,0.0171921,0.00802877,0.00458074,0.00458074,0.00431718,0.00431718,0.00396352,0.00381182