MADNESS MRA-PNO INFORMATION
pairinfo=0,1,2,2.2,1.1,1.1,1.1,2.2,2.2,1.1,2.2
nuclear_repulsion=2.8817
occinfo=-4.74412,-0.532943,-0.356885,0.0256247,0.00600819,0.00463835,0.00463835,0.00409654,0.00409654,0.00378234,0.00367148