MADNESS MRA-PNO INFORMATION
pairinfo=0,1,2,2.2,1.1,1.1,1.1,2.2,2.2
nuclear_repulsion=1.99176
occinfo=-4.84801,-0.453278,-0.311274,0.0740019,0.0168546,0.00444879,0.00444879,0.00329693,0.00329693