MADNESS MRA-PNO INFORMATION
pairinfo=0,1,2,2.2,1.1,1.1,1.1
nuclear_repulsion=2.07751
occinfo=-4.83482,-0.446297,-0.330441,0.052341,0.0166041,0.00444224,0.00444224