MADNESS MRA-PNO INFORMATION
pairinfo=0,1,2,2.2,1.1,1.1,1.1
nuclear_repulsion=2.45835
occinfo=-4.79395,-0.508643,-0.328149,0.0432978,0.00840991,0.00462832,0.00462832