MADNESS MRA-PNO INFORMATION
pairinfo=0,1,2,2.2,1.1,1.1,1.1,2.2,2.2,1.1,2.2
nuclear_repulsion=2.00751
occinfo=-4.83983,-0.400239,-0.361994,0.037655,0.0256945,0.00419205,0.00419205,0.00390394,0.00390394,0.00353455,0.00338531