MADNESS MRA-PNO INFORMATION
pairinfo=0,1,2,2.2,1.1,1.1,1.1
nuclear_repulsion=2.51327
occinfo=-4.79527,-0.533533,-0.312489,0.0536802,0.007194,0.00466338,0.00466338