MADNESS MRA-PNO INFORMATION
pairinfo=0,1,2,2.2,1.1,1.1,1.1,2.2,2.2,1.1,2.2
nuclear_repulsion=2.20527
occinfo=-4.813,-0.418724,-0.37559,0.0279313,0.0186427,0.00434658,0.00434658,0.00409264,0.00409264,0.00366146,0.00352382