MADNESS MRA-PNO INFORMATION
pairinfo=0,1,2,2.2,1.1,1.1,1.1,2.2,2.2,2.2,1.1
nuclear_repulsion=3.15334
occinfo=-4.71569,-0.544524,-0.374906,0.0193902,0.0054104,0.00462939,0.00462939,0.00424384,0.00424384,0.00381174,0.00351353