MADNESS MRA-PNO INFORMATION
pairinfo=0,1,2,2.2,1.1,1.1,1.1,2.2,2.2,2.2,1.1
nuclear_repulsion=3.84913
occinfo=-4.63983,-0.536668,-0.452147,0.00766289,0.00525602,0.0045876,0.0045876,0.00451949,0.00451949,0.0041452,0.00304644