MADNESS MRA-PNO INFORMATION
pairinfo=0,1,2,2.2,1.1,1.1,1.1,2.2,2.2
nuclear_repulsion=3.10555
occinfo=-4.69636,-0.468172,-0.448386,0.00917396,0.00781884,0.00455328,0.00455328,0.00451747,0.00451747