MADNESS MRA-PNO INFORMATION
pairinfo=0,1,2,1.1,2.2
nuclear_repulsion=4.0891
occinfo=-4.6132,-0.506336,-0.506336,0.00535758,0.00535758