MADNESS MRA-PNO INFORMATION
pairinfo=0,1,2,2.2,1.1
nuclear_repulsion=2.78647
occinfo=-4.78102,-0.5775,-0.303057,0.0581028,0.00468604