MADNESS MRA-PNO INFORMATION
pairinfo=0,1,2,2.2,1.1,1.1,1.1,2.2,2.2,1.1,2.2
nuclear_repulsion=1.90217
occinfo=-4.85421,-0.407734,-0.337766,0.0551448,0.0263588,0.00419211,0.00419211,0.00357556,0.00357556,0.00351906,0.00320784