MADNESS MRA-PNO INFORMATION
pairinfo=0,1,2,2.2,1.1,1.1,1.1,2.2,2.2,1.1,2.2
nuclear_repulsion=2.52829
occinfo=-4.76984,-0.454735,-0.388141,0.0203016,0.0113271,0.00451535,0.00451535,0.00425175,0.00425175,0.00386273,0.0037035