MADNESS MRA-PNO INFORMATION
pairinfo=0,1,2,2.2,1.1,1.1,1.1,2.2,2.2,1.1,2.2
nuclear_repulsion=1.63615
occinfo=-4.88017,-0.35302,-0.34398,0.0689759,0.0614523,0.00355963,0.00355963,0.00344667,0.00344667,0.00331535,0.00325246