MADNESS MRA-PNO INFORMATION
pairinfo=0,1,2,2.2,1.1,1.1,1.1
nuclear_repulsion=2.09316
occinfo=-4.82784,-0.394725,-0.381186,0.0286671,0.0251517,0.00418654,0.00418654