MADNESS MRA-PNO INFORMATION
pairinfo=0,1,2,2.2,1.1
nuclear_repulsion=1.95565
occinfo=-4.84613,-0.376537,-0.376537,0.0337587,0.0337587