MADNESS MRA-PNO INFORMATION
pairinfo=0,1,2,2.2,1.1,1.1,1.1,2.2,2.2
nuclear_repulsion=2.82163
occinfo=-4.72964,-0.459438,-0.422476,0.0127746,0.00936724,0.00453602,0.00453602,0.00443776,0.00443776