MADNESS MRA-PNO INFORMATION
pairinfo=0,1,2,2.2,1.1,1.1,1.1,2.2,2.2
nuclear_repulsion=1.92762
occinfo=-4.85448,-0.439279,-0.313611,0.0756062,0.0197975,0.00437531,0.00437531,0.00328381,0.00328381