MADNESS MRA-PNO INFORMATION
pairinfo=0,1,2,2.2,1.1,1.1,1.1,2.2,2.2
nuclear_repulsion=2.29017
occinfo=-4.81462,-0.496441,-0.316651,0.0554938,0.0100955,0.00460795,0.00460795,0.00355012,0.00355012