MADNESS MRA-PNO INFORMATION
pairinfo=0,1,2,2.2,1.1,1.1,1.1,2.2,2.2
nuclear_repulsion=2.98229
occinfo=-4.77283,-0.598919,-0.301844,0.0575732,0.00529302,0.00468545,0.00468545,0.00350624,0.00350624