MADNESS MRA-PNO INFORMATION
pairinfo=0,1,2,2.2,1.1,1.1,1.1,2.2,2.2
nuclear_repulsion=2.39234
occinfo=-4.78813,-0.443122,-0.380128,0.0236658,0.0134668,0.00447096,0.00447096,0.00417584,0.00417584