MADNESS MRA-PNO INFORMATION
pairinfo=0,1,2,2.2,1.1,1.1,1.1,2.2,2.2
nuclear_repulsion=3.3584
occinfo=-4.68407,-0.531173,-0.41062,0.0124474,0.00537387,0.00460713,0.00460713,0.00441965,0.00441965