MADNESS MRA-PNO INFORMATION
pairinfo=0,1,2,2.2,1.1,1.1,1.1,2.2,2.2
nuclear_repulsion=2.26131
occinfo=-4.81937,-0.499016,-0.310421,0.0619927,0.0101158,0.00460539,0.00460539,0.00342895,0.00342895