MADNESS MRA-PNO INFORMATION
pairinfo=0,1,2,2.2,1.1
nuclear_repulsion=2.3939
occinfo=-4.80518,-0.51448,-0.314501,0.0544754,0.00848899