MADNESS MRA-PNO INFORMATION
pairinfo=0,1,2,2.2,1.1,1.1,1.1
nuclear_repulsion=3.00023
occinfo=-4.74227,-0.557061,-0.345866,0.0289138,0.00546338,0.00465113,0.00465113