MADNESS MRA-PNO INFORMATION
pairinfo=0,1,2,2.2,1.1,1.1,1.1
nuclear_repulsion=2.14355
occinfo=-4.83208,-0.484293,-0.306766,0.0710071,0.0121273,0.00457484,0.00457484