MADNESS MRA-PNO INFORMATION
pairinfo=0,1,2,2.2,1.1,1.1,1.1,1.1,2.2,2.2,2.2
nuclear_repulsion=1.98262
occinfo=-4.84626,-0.434928,-0.325978,0.0599626,0.0195501,0.00436583,0.00436583,0.00361393,0.00348546,0.00348546,0.00317417