MADNESS MRA-PNO INFORMATION
pairinfo=0,1,2,1.1,2.2,1.1,1.1,2.2,2.2,2.2,1.1
nuclear_repulsion=2.04455
occinfo=-4.83437,-0.383979,-0.383979,0.0290119,0.0290119,0.00409657,0.00409657,0.00409656,0.00409656,0.00348972,0.00348972