MADNESS MRA-PNO INFORMATION
pairinfo=0,1,2,2.2,1.1
nuclear_repulsion=3.37105
occinfo=-4.67245,-0.503362,-0.441819,0.00907489,0.00580669