MADNESS MRA-PNO INFORMATION
pairinfo=0,1,2,2.2,1.1,1.1,1.1,2.2,2.2
nuclear_repulsion=3.77301
occinfo=-4.63669,-0.513571,-0.470979,0.00655351,0.00535746,0.00457744,0.00457744,0.00454555,0.00454555