MADNESS MRA-PNO INFORMATION
pairinfo=0,1,2,2.2,1.1,1.1,1.1,2.2,2.2,1.1,2.2
nuclear_repulsion=2.11034
occinfo=-4.82978,-0.4437,-0.33777,0.0463461,0.0164825,0.0044371,0.0044371,0.00371659,0.00371659,0.00368251,0.00331135