MADNESS MRA-PNO INFORMATION
pairinfo=0,1,2,2.2,1.1,2.2,1.1,1.1,1.1,2.2,2.2
nuclear_repulsion=1.49934
occinfo=-4.88534,-0.336027,-0.336027,0.093078,0.093078,0.00343505,0.00343505,0.00321829,0.00321829,0.00321829,0.00321829