MADNESS MRA-PNO INFORMATION
pairinfo=0,1,2,2.2,1.1,1.1,1.1,2.2,2.2,1.1,2.2
nuclear_repulsion=2.50617
occinfo=-4.77089,-0.436266,-0.403013,0.0177141,0.013228,0.00445946,0.00445946,0.00432624,0.00432624,0.00382616,0.0037443