MADNESS MRA-PNO INFORMATION
pairinfo=0,1,2,2.2,1.1
nuclear_repulsion=3.28271
occinfo=-4.69515,-0.535668,-0.39788,0.0144992,0.00461455