MADNESS MRA-PNO INFORMATION
pairinfo=0,1,2,2.2,1.1
nuclear_repulsion=2.75363
occinfo=-4.76699,-0.544206,-0.331323,0.0372644,0.00608208