MADNESS MRA-PNO INFORMATION
pairinfo=0,1,2,2.2,1.1,1.1,1.1,2.2,2.2
nuclear_repulsion=2.42497
occinfo=-4.79977,-0.511637,-0.3211,0.0485817,0.00844445,0.00463481,0.00463481,0.00365179,0.00365179