MADNESS MRA-PNO INFORMATION
pairinfo=0,1,2,2.2,1.1,1.1,1.1,2.2,2.2
nuclear_repulsion=3.91828
occinfo=-4.62451,-0.50969,-0.48829,0.00575172,0.00535787,0.00457031,0.00457031,0.00455704,0.00455704