MADNESS MRA-PNO INFORMATION
pairinfo=0,1,2,2.2,1.1
nuclear_repulsion=2.00004
occinfo=-4.84038,-0.386634,-0.373907,0.0333394,0.0293555