MADNESS MRA-PNO INFORMATION
pairinfo=0,1,2,2.2,1.1
nuclear_repulsion=3.21286
occinfo=-4.68432,-0.464419,-0.464419,0.00777151,0.00777151