MADNESS MRA-PNO INFORMATION
pairinfo=0,1,2,2.2,1.1
nuclear_repulsion=1.71171
occinfo=-4.87453,-0.38034,-0.331172,0.074303,0.0413732