MADNESS MRA-PNO INFORMATION
pairinfo=0,1,2,2.2,1.1
nuclear_repulsion=3.19737
occinfo=-4.73369,-0.577717,-0.344354,0.0286863,0.00465156