MADNESS MRA-PNO INFORMATION
pairinfo=0,1,2,2.2,1.1
nuclear_repulsion=3.64318
occinfo=-4.66333,-0.546048,-0.422059,0.0106112,0.0046021