MADNESS MRA-PNO INFORMATION
pairinfo=0,1,2,2.2,1.1
nuclear_repulsion=1.52516
occinfo=-4.88485,-0.342528,-0.334235,0.0916555,0.0819908