MADNESS MRA-PNO INFORMATION
pairinfo=0,1,2,2.2,1.1
nuclear_repulsion=2.62289
occinfo=-4.79039,-0.556531,-0.304601,0.0588827,0.00618551