MADNESS MRA-PNO INFORMATION
pairinfo=0,1,2,2.2,1.1
nuclear_repulsion=3.21473
occinfo=-4.70569,-0.540141,-0.385999,0.0167964,0.00462189