MADNESS MRA-PNO INFORMATION
pairinfo=0,1,2,2.2,1.1
nuclear_repulsion=3.04868
occinfo=-4.71636,-0.520588,-0.388295,0.0168988,0.00590541