MADNESS MRA-PNO INFORMATION
pairinfo=0,1,2,2.2,1.1
nuclear_repulsion=2.29869
occinfo=-4.80713,-0.471084,-0.340525,0.0395356,0.0117638