MADNESS MRA-PNO INFORMATION
pairinfo=0,1,2,2.2,1.1
nuclear_repulsion=2.34295
occinfo=-4.79591,-0.446439,-0.369823,0.0271729,0.0135833