MADNESS MRA-PNO INFORMATION
pairinfo=0,1,2,2.2,1.1
nuclear_repulsion=3.27586
occinfo=-4.68446,-0.507627,-0.427105,0.0106758,0.00582961