MADNESS MRA-PNO INFORMATION
pairinfo=0,1,2,2.2,1.1
nuclear_repulsion=2.75892
occinfo=-4.78584,-0.580289,-0.297404,0.0646674,0.00469091