MADNESS MRA-PNO INFORMATION
pairinfo=0,1,2,2.2,1.1
nuclear_repulsion=2.42879
occinfo=-4.79108,-0.484809,-0.346075,0.0343333,0.00986088