MADNESS MRA-PNO INFORMATION
pairinfo=0,1,2,2.2,1.1
nuclear_repulsion=2.65322
occinfo=-4.77048,-0.521059,-0.341361,0.0333858,0.00701932