MADNESS MRA-PNO INFORMATION
pairinfo=0,1,2,2.2,1.1
nuclear_repulsion=3.41324
occinfo=-4.69674,-0.560096,-0.384126,0.0174596,0.00484456