MADNESS MRA-PNO INFORMATION
pairinfo=0,1,2,2.2,1.1
nuclear_repulsion=2.91796
occinfo=-4.75719,-0.564712,-0.329561,0.0368707,0.00466467