MADNESS MRA-PNO INFORMATION
pairinfo=0,1,2,2.2,1.1
nuclear_repulsion=3.24422
occinfo=-4.72528,-0.573479,-0.353306,0.0252452,0.00464506