MADNESS MRA-PNO INFORMATION
pairinfo=0,1,2,2.2,1.1
nuclear_repulsion=2.01306
occinfo=-4.84197,-0.432545,-0.332887,0.0532611,0.0194661