MADNESS MRA-PNO INFORMATION
pairinfo=0,1,2,2.2,1.1
nuclear_repulsion=3.48165
occinfo=-4.68612,-0.555455,-0.395912,0.0144539,0.00461664