MADNESS MRA-PNO INFORMATION
pairinfo=0,1,2,2.2,1.1,1.1,1.1,2.2,2.2,1.1,2.2
nuclear_repulsion=2.78647
occinfo=-4.78102,-0.5775,-0.303057,0.0582544,0.00557296,0.00468604,0.00468604,0.00350022,0.00350022,0.00342234,0.00331366