MADNESS MRA-PNO INFORMATION
pairinfo=0,1,2,2.2,1.1,1.1,1.1,2.2,2.2
nuclear_repulsion=3.13366
occinfo=-4.69614,-0.489415,-0.430112,0.010734,0.0066869,0.00458105,0.00458105,0.00447393,0.00447393