MADNESS MRA-PNO INFORMATION
pairinfo=0,1,2,2.2,1.1,1.1,1.1,2.2,2.2
nuclear_repulsion=2.90478
occinfo=-4.71863,-0.455642,-0.436713,0.0108847,0.00929888,0.00452972,0.00452972,0.0044849,0.0044849