MADNESS MRA-PNO INFORMATION
pairinfo=0,1,2,2.2,1.1,1.1,1.1,2.2,2.2
nuclear_repulsion=2.19918
occinfo=-4.82353,-0.479504,-0.318895,0.0565898,0.0119866,0.00456448,0.00456448,0.00353973,0.00353973