MADNESS MRA-PNO INFORMATION
pairinfo=0,1,2,2.2,1.1,1.1,1.1,2.2,2.2
nuclear_repulsion=2.08101
occinfo=-4.83187,-0.427343,-0.348228,0.0415363,0.0191534,0.00436016,0.00436016,0.00380997,0.00380997