MADNESS MRA-PNO INFORMATION
pairinfo=0,1,2,2.2,1.1,1.1,1.1
nuclear_repulsion=2.72593
occinfo=-4.74842,-0.487792,-0.382274,0.0198735,0.00808633,0.00458793,0.00458793