MADNESS MRA-PNO INFORMATION
pairinfo=0,1,2,2.2,1.1,1.1,1.1,2.2,2.2
nuclear_repulsion=1.98751
occinfo=-4.84386,-0.417234,-0.34282,0.0479302,0.0225369,0.00428511,0.00428511,0.00370565,0.00370565