MADNESS MRA-PNO INFORMATION
pairinfo=0,1,2,2.2,1.1
nuclear_repulsion=1.87192
occinfo=-4.85852,-0.409861,-0.330847,0.0624149,0.0266594