MADNESS MRA-PNO INFORMATION
pairinfo=0,1,2,2.2,1.1,1.1,1.1,2.2,2.2
nuclear_repulsion=2.39012
occinfo=-4.79753,-0.487755,-0.338066,0.0389069,0.00991921,0.00458972,0.00458972,0.00382893,0.00382893