MADNESS MRA-PNO INFORMATION
pairinfo=0,1,2,2.2,1.1,1.1,1.1
nuclear_repulsion=2.65322
occinfo=-4.77048,-0.521059,-0.341361,0.0334497,0.00703985,0.00463921,0.00463921