MADNESS MRA-PNO INFORMATION
pairinfo=0,1,2,2.2,1.1,1.1,1.1,2.2,2.2
nuclear_repulsion=3.55782
occinfo=-4.67493,-0.550761,-0.408546,0.0124168,0.00524493,0.00460922,0.00460922,0.00441438,0.00441438