MADNESS MRA-PNO INFORMATION
pairinfo=0,1,2,2.2,1.1,1.1,1.1
nuclear_repulsion=2.62289
occinfo=-4.79039,-0.556531,-0.304601,0.0590281,0.00621878,0.0046812,0.0046812