MADNESS MRA-PNO INFORMATION
pairinfo=0,1,2,2.2,1.1,1.1,1.1
nuclear_repulsion=1.81011
occinfo=-4.86446,-0.386051,-0.342651,0.057038,0.035228,0.00399723,0.00399723