MADNESS MRA-PNO INFORMATION
pairinfo=0,1,2,2.2,1.1
nuclear_repulsion=1.81011
occinfo=-4.86446,-0.386051,-0.342651,0.0571659,0.0353392