MADNESS MRA-PNO INFORMATION
pairinfo=0,1,2,2.2,1.1,1.1,1.1,2.2,2.2
nuclear_repulsion=2.84695
occinfo=-4.73729,-0.505849,-0.379588,0.019663,0.00684881,0.00460988,0.00460988,0.00424699,0.00424699