MADNESS MRA-PNO INFORMATION
pairinfo=0,1,2,2.2,1.1,1.1,1.1,2.2,2.2
nuclear_repulsion=2.83543
occinfo=-4.75237,-0.536854,-0.347773,0.0291116,0.00602318,0.00464537,0.00464537,0.0040157,0.0040157