MADNESS MRA-PNO INFORMATION
pairinfo=0,1,2,2.2,1.1,1.1,1.1,2.2,2.2,1.1,2.2
nuclear_repulsion=2.49889
occinfo=-4.77121,-0.419052,-0.419052,0.0153585,0.0153585,0.00439573,0.00439573,0.00439573,0.00439573,0.00378548,0.00378548