MADNESS MRA-PNO INFORMATION
pairinfo=0,1,2,2.2,1.1,1.1,1.1,2.2,2.2,1.1,2.2
nuclear_repulsion=2.29869
occinfo=-4.80713,-0.471084,-0.340525,0.0395954,0.0117636,0.00454726,0.00454726,0.00382363,0.00382363,0.00378931,0.00340633