MADNESS MRA-PNO INFORMATION
pairinfo=0,1,2,2.2,1.1,1.1,1.1,2.2,2.2
nuclear_repulsion=2.79183
occinfo=-4.74644,-0.509811,-0.369024,0.0225885,0.00689235,0.00461759,0.00461759,0.00417373,0.00417373