MADNESS MRA-PNO INFORMATION
pairinfo=0,1,2,2.2,1.1,1.1,1.1
nuclear_repulsion=2.01844
occinfo=-4.8434,-0.451135,-0.317203,0.0660647,0.0167682,0.00444333,0.00444333