MADNESS MRA-PNO INFORMATION
pairinfo=0,1,2,2.2,1.1,1.1,1.1,2.2,2.2,1.1,2.2
nuclear_repulsion=2.10173
occinfo=-4.82727,-0.409181,-0.368559,0.0324546,0.0219169,0.00427342,0.00427342,0.00400152,0.00400152,0.00359438,0.00345111