MADNESS MRA-PNO INFORMATION
pairinfo=0,1,2,2.2,1.1,1.1,1.1
nuclear_repulsion=2.5445
occinfo=-4.78978,-0.53063,-0.319024,0.0479037,0.00715639,0.00465744,0.00465744