MADNESS MRA-PNO INFORMATION
pairinfo=0,1,2,2.2,1.1,1.1,1.1,2.2,2.2
nuclear_repulsion=1.87724
occinfo=-4.85609,-0.381519,-0.358345,0.0442159,0.0345767,0.00400524,0.00400524,0.00379972,0.00379972