MADNESS MRA-PNO INFORMATION
pairinfo=0,1,2,2.2,1.1,1.1,1.1,2.2,2.2
nuclear_repulsion=3.04868
occinfo=-4.71636,-0.520588,-0.388295,0.0168988,0.00590541,0.00461599,0.00461599,0.00431188,0.00431188