MADNESS MRA-PNO INFORMATION
pairinfo=0,1,2,2.2,1.1,1.1,1.1
nuclear_repulsion=2.53315
occinfo=-4.78084,-0.502415,-0.343647,0.0338973,0.00831357,0.00461705,0.00461705