MADNESS MRA-PNO INFORMATION
pairinfo=0,1,2,2.2,1.1,1.1,1.1,2.2,2.2,1.1,2.2
nuclear_repulsion=1.95914
occinfo=-4.84591,-0.389284,-0.364568,0.0381885,0.0296924,0.00410083,0.00410083,0.00390333,0.00390333,0.00348204,0.00337948