MADNESS MRA-PNO INFORMATION
pairinfo=0,1,2,2.2,1.1,1.1,1.1
nuclear_repulsion=2.65453
occinfo=-4.751,-0.447511,-0.412404,0.0150642,0.0111412,0.00450291,0.00450291