MADNESS MRA-PNO INFORMATION
pairinfo=0,1,2,2.2,1.1,1.1,1.1,2.2,2.2
nuclear_repulsion=2.52829
occinfo=-4.76984,-0.454735,-0.388141,0.0202866,0.0113321,0.00451533,0.00451533,0.00425175,0.00425175