MADNESS MRA-PNO INFORMATION
pairinfo=0,1,2,2.2,1.1
nuclear_repulsion=3.09761
occinfo=-4.72503,-0.548818,-0.364567,0.0222194,0.00463688