MADNESS MRA-PNO INFORMATION
pairinfo=0,1,2,2.2,1.1,1.1,1.1,2.2,2.2,2.2,1.1
nuclear_repulsion=3.73952
occinfo=-4.6522,-0.541211,-0.436759,0.00902348,0.00524895,0.00459501,0.00459501,0.00449268,0.00449268,0.00411429,0.00304559