MADNESS MRA-PNO INFORMATION
pairinfo=0,1,2,2.2,1.1,1.1,1.1,1.1,2.2,2.2,2.2
nuclear_repulsion=1.57871
occinfo=-4.88347,-0.34749,-0.339048,0.0795393,0.0709885,0.0034457,0.0034457,0.00334658,0.00333277,0.00333277,0.00328089