MADNESS MRA-PNO INFORMATION
pairinfo=0,1,2,2.2,1.1,1.1,1.1,2.2,2.2,1.1,2.2
nuclear_repulsion=2.31959
occinfo=-4.79724,-0.42896,-0.383087,0.0239793,0.0158055,0.00441128,0.00441128,0.00417719,0.00417719,0.00373307,0.00360124