MADNESS MRA-PNO INFORMATION
pairinfo=0,1,2,1.1,2.2,2.2,2.2,1.1,1.1,2.2,1.1
nuclear_repulsion=4.0891
occinfo=-4.6132,-0.506336,-0.506336,0.00535448,0.00535448,0.00456199,0.00456199,0.00456199,0.00456199,0.00358094,0.00358094