MADNESS MRA-PNO INFORMATION
pairinfo=0,1,2,2.2,1.1,1.1,1.1,2.2,2.2
nuclear_repulsion=2.2343
occinfo=-4.82352,-0.5014,-0.304611,0.0692615,0.0101675,0.00461077,0.00461077,0.00333626,0.00333626