MADNESS MRA-PNO INFORMATION
pairinfo=0,1,2,2.2,1.1,1.1,1.1,2.2,2.2
nuclear_repulsion=2.58819
occinfo=-4.76067,-0.451142,-0.399849,0.0175241,0.0112401,0.0045091,0.0045091,0.00432275,0.00432275