MADNESS MRA-PNO INFORMATION
pairinfo=0,1,2,2.2,1.1,1.1,1.1
nuclear_repulsion=3.33616
occinfo=-4.67218,-0.481333,-0.460797,0.00772758,0.00661968,0.00456691,0.00456691