MADNESS MRA-PNO INFORMATION
pairinfo=0,1,2,2.2,1.1,1.1,1.1
nuclear_repulsion=1.55277
occinfo=-4.88396,-0.34947,-0.332438,0.0900911,0.0719793,0.00344471,0.00344471