MADNESS MRA-PNO INFORMATION
pairinfo=0,1,2,2.2,1.1,1.1,1.1,2.2,2.2,1.1,2.2
nuclear_repulsion=3.10555
occinfo=-4.69636,-0.468172,-0.448386,0.00916638,0.00781506,0.00455334,0.00455334,0.00451747,0.00451747,0.0040565,0.0040467