MADNESS MRA-PNO INFORMATION
pairinfo=0,1,2,2.2,1.1,1.1,1.1,2.2,2.2
nuclear_repulsion=3.29537
occinfo=-4.71633,-0.569158,-0.362875,0.0221191,0.00524393,0.00463786,0.00463786,0.00417125,0.00417125