MADNESS MRA-PNO INFORMATION
pairinfo=0,1,2,2.2,1.1,1.1,1.1
nuclear_repulsion=3.04975
occinfo=-4.7065,-0.493532,-0.416077,0.0125801,0.00673035,0.00458805,0.00458805