MADNESS MRA-PNO INFORMATION
pairinfo=0,1,2,2.2,1.1,1.1,1.1,2.2,2.2
nuclear_repulsion=2.69554
occinfo=-4.76291,-0.517412,-0.349964,0.0294357,0.00697717,0.00463225,0.00463225,0.00401334,0.00401334