MADNESS MRA-PNO INFORMATION
pairinfo=0,1,2,2.2,1.1,1.1,1.1,2.2,2.2
nuclear_repulsion=1.93467
occinfo=-4.84992,-0.405336,-0.345299,0.0487564,0.026201,0.00419844,0.00419844,0.00370091,0.00370091