MADNESS MRA-PNO INFORMATION
pairinfo=0,1,2,2.2,1.1,1.1,1.1,2.2,2.2,2.2,1.1
nuclear_repulsion=3.24422
occinfo=-4.72528,-0.573479,-0.353306,0.025294,0.00524005,0.00464506,0.00464506,0.00409609,0.00409609,0.00370388,0.00302945