MADNESS MRA-PNO INFORMATION
pairinfo=0,1,2,2.2,1.1,1.1,1.1
nuclear_repulsion=2.79183
occinfo=-4.74644,-0.509811,-0.369024,0.0226186,0.00690618,0.00461758,0.00461758