MADNESS MRA-PNO INFORMATION
pairinfo=0,1,2,2.2,1.1,1.1,1.1,2.2,2.2
nuclear_repulsion=2.65453
occinfo=-4.751,-0.447511,-0.412404,0.0150622,0.0111498,0.00450291,0.00450291,0.00438657,0.00438657