MADNESS MRA-PNO INFORMATION
pairinfo=0,1,2,2.2,1.1,1.1,1.1
nuclear_repulsion=3.0437
occinfo=-4.76169,-0.592931,-0.314038,0.0462912,0.00527104,0.00467543,0.00467543