MADNESS MRA-PNO INFORMATION
pairinfo=0,1,2,2.2,1.1,1.1,1.1
nuclear_repulsion=2.69554
occinfo=-4.76291,-0.517412,-0.349964,0.0294873,0.00699558,0.00463226,0.00463226