MADNESS MRA-PNO INFORMATION
pairinfo=0,1,2,2.2,1.1,1.1,1.1
nuclear_repulsion=2.56609
occinfo=-4.7681,-0.474417,-0.374333,0.0231226,0.00964944,0.00456344,0.00456344