MADNESS MRA-PNO INFORMATION
pairinfo=0,1,2,2.2,1.1,1.1,1.1,2.2,2.2
nuclear_repulsion=3.37105
occinfo=-4.67245,-0.503362,-0.441819,0.00907489,0.00580669,0.00458621,0.00458621,0.00450511,0.00450511