MADNESS MRA-PNO INFORMATION
pairinfo=0,1,2,2.2,1.1,1.1,1.1,2.2,2.2,1.1,2.2
nuclear_repulsion=2.29773
occinfo=-4.80302,-0.449486,-0.360313,0.0311092,0.0136871,0.00448238,0.00448238,0.00400426,0.00400426,0.00376227,0.00350045