MADNESS MRA-PNO INFORMATION
pairinfo=0,1,2,2.2,1.1,1.1,1.1,2.2,2.2,1.1,2.2
nuclear_repulsion=2.3372
occinfo=-4.80068,-0.468011,-0.348761,0.03491,0.0116824,0.00454137,0.00454137,0.00391636,0.00391636,0.00380111,0.00346318