MADNESS MRA-PNO INFORMATION
pairinfo=0,1,2,2.2,1.1,1.1,1.1,2.2,2.2,1.1,2.2
nuclear_repulsion=2.74745
occinfo=-4.74006,-0.463239,-0.409172,0.0149272,0.00943097,0.00454266,0.00454266,0.00438234,0.00438234,0.0039535,0.00385126