MADNESS MRA-PNO INFORMATION
pairinfo=0,1,2,2.2,1.1,1.1,1.1,2.2,2.2
nuclear_repulsion=3.19152
occinfo=-4.69495,-0.511977,-0.413195,0.0125045,0.00585116,0.00460109,0.00460109,0.0044238,0.0044238