MADNESS MRA-PNO INFORMATION
pairinfo=0,1,2,2.2,1.1,2.2,1.1,1.1,1.1,2.2,2.2
nuclear_repulsion=1.55104
occinfo=-4.88414,-0.340762,-0.340763,0.0807585,0.0807585,0.00334663,0.00334663,0.00332915,0.00332915,0.00332915,0.00332915