MADNESS MRA-PNO INFORMATION
pairinfo=0,1,2,2.2,1.1
nuclear_repulsion=3.22837
occinfo=-4.68435,-0.485322,-0.444981,0.00911783,0.0066496