MADNESS MRA-PNO INFORMATION
pairinfo=0,1,2,2.2,1.1,1.1,1.1
nuclear_repulsion=3.27586
occinfo=-4.68446,-0.507627,-0.427105,0.0106701,0.00583056,0.00459392,0.00459392