MADNESS MRA-PNO INFORMATION
pairinfo=0,1,2,2.2,1.1,1.1,1.1,2.2,2.2,1.1,2.2
nuclear_repulsion=2.22533
occinfo=-4.81173,-0.435113,-0.363058,0.0315557,0.0160882,0.0044212,0.0044212,0.00400279,0.00400279,0.00370697,0.00348164