MADNESS MRA-PNO INFORMATION
pairinfo=0,1,2,2.2,1.1,1.1,1.1,2.2,2.2
nuclear_repulsion=3.64789
occinfo=-4.64906,-0.51774,-0.454529,0.0076774,0.00535829,0.00458479,0.00458479,0.00452662,0.00452662