MADNESS MRA-PNO INFORMATION
pairinfo=0,1,2,2.2,1.1
nuclear_repulsion=2.17044
occinfo=-4.82804,-0.481978,-0.312612,0.0633955,0.0120534