MADNESS MRA-PNO INFORMATION
pairinfo=0,1,2,2.2,1.1,1.1,1.1
nuclear_repulsion=3.64318
occinfo=-4.66333,-0.546048,-0.422059,0.010607,0.00523973,0.00460208,0.00460208