MADNESS MRA-PNO INFORMATION
pairinfo=0,1,2,2.2,1.1,1.1,1.1,1.1,2.2,2.2,2.2
nuclear_repulsion=2.19918
occinfo=-4.82353,-0.479504,-0.318895,0.0566866,0.0119918,0.00456448,0.00456448,0.00376135,0.00353973,0.00353973,0.00324878