MADNESS MRA-PNO INFORMATION
pairinfo=0,1,2,2.2,1.1
nuclear_repulsion=2.48413
occinfo=-4.80034,-0.536358,-0.306371,0.0598429,0.00719729