MADNESS MRA-PNO INFORMATION
pairinfo=0,1,2,2.2,1.1,1.1,1.1,2.2,2.2,2.2,1.1
nuclear_repulsion=3.53895
occinfo=-4.66143,-0.522112,-0.439019,0.00903686,0.00535979,0.00459197,0.00459197,0.00449923,0.00449923,0.0041051,0.0035595