MADNESS MRA-PNO INFORMATION
pairinfo=0,1,2,2.2,1.1,1.1,1.1,2.2,2.2
nuclear_repulsion=1.83664
occinfo=-4.86069,-0.371927,-0.360724,0.0448604,0.0397142,0.00390363,0.00390363,0.00379922,0.00379922