MADNESS MRA-PNO INFORMATION
pairinfo=0,1,2,2.2,1.1,1.1,1.1,2.2,2.2
nuclear_repulsion=2.79288
occinfo=-4.75996,-0.540619,-0.339261,0.0329912,0.00605388,0.00465243,0.00465243,0.00393196,0.00393196