MADNESS MRA-PNO INFORMATION
pairinfo=0,1,2,2.2,1.1,1.1,1.1,2.2,2.2
nuclear_repulsion=2.4465
occinfo=-4.77976,-0.439718,-0.39118,0.0205192,0.01335,0.00446521,0.00446521,0.00425402,0.00425402