MADNESS MRA-PNO INFORMATION
pairinfo=0,1,2,2.2,1.1,1.1,1.1
nuclear_repulsion=2.95744
occinfo=-4.75003,-0.560961,-0.337425,0.0327454,0.00548294,0.00465832,0.00465832