MADNESS MRA-PNO INFORMATION
pairinfo=0,1,2,2.2,1.1,1.1,1.1,2.2,2.2,2.2,1.1
nuclear_repulsion=3.04678
occinfo=-4.734,-0.553033,-0.354903,0.0254214,0.00544425,0.00464375,0.00464375,0.00409678,0.00409678,0.00369025,0.00349194