MADNESS MRA-PNO INFORMATION
pairinfo=0,1,2,2.2,1.1,1.1,1.1,2.2,2.2
nuclear_repulsion=1.57871
occinfo=-4.88347,-0.34749,-0.339048,0.0795407,0.070983,0.00344501,0.00344501,0.00333277,0.00333277