MADNESS MRA-PNO INFORMATION
pairinfo=0,1,2,2.2,1.1,1.1,1.1,2.2,2.2
nuclear_repulsion=2.57526
occinfo=-4.77365,-0.49893,-0.352334,0.0297994,0.00825158,0.00460997,0.00460997,0.00401119,0.00401119