MADNESS MRA-PNO INFORMATION
pairinfo=0,1,2,2.2,1.1,1.1,1.1
nuclear_repulsion=2.29017
occinfo=-4.81462,-0.496441,-0.316651,0.055599,0.0101042,0.00460795,0.00460795