MADNESS MRA-PNO INFORMATION
pairinfo=0,1,2,2.2,1.1,1.1,1.1,2.2,2.2
nuclear_repulsion=2.06328
occinfo=-4.83987,-0.468251,-0.30898,0.0724423,0.0143526,0.00452079,0.00452079,0.00334055,0.00334055