MADNESS MRA-PNO INFORMATION
pairinfo=0,1,2,2.2,1.1,1.1,1.1,2.2,2.2
nuclear_repulsion=2.56609
occinfo=-4.7681,-0.474417,-0.374333,0.0230984,0.00965311,0.00456344,0.00456344,0.00417469,0.00417469