MADNESS MRA-PNO INFORMATION
pairinfo=0,1,2,2.2,1.1,1.1,1.1
nuclear_repulsion=1.8541
occinfo=-4.85945,-0.396547,-0.340173,0.056108,0.030523,0.00409718,0.00409718