MADNESS MRA-PNO INFORMATION
pairinfo=0,1,2,2.2,1.1,1.1,1.1,2.2,2.2
nuclear_repulsion=2.45687
occinfo=-4.80481,-0.538945,-0.300651,0.0665813,0.00720966,0.00466472,0.00466472,0.00336196,0.00336196