MADNESS MRA-PNO INFORMATION
pairinfo=0,1,2,2.2,1.1,1.1,1.1
nuclear_repulsion=2.14649
occinfo=-4.82076,-0.406313,-0.378418,0.0282915,0.0216942,0.00426982,0.00426982