MADNESS MRA-PNO INFORMATION
pairinfo=0,1,2,2.2,1.1,1.1,1.1
nuclear_repulsion=3.22837
occinfo=-4.68435,-0.485322,-0.444981,0.00911033,0.00665363,0.00457386,0.00457386