MADNESS MRA-PNO INFORMATION
pairinfo=0,1,2,2.2,1.1,1.1,1.1,1.1,2.2,2.2,2.2
nuclear_repulsion=2.01306
occinfo=-4.84197,-0.432545,-0.332887,0.0531919,0.0194029,0.00436093,0.00436093,0.00361503,0.00358831,0.00358831,0.00322674