MADNESS MRA-PNO INFORMATION
pairinfo=0,1,2,2.2,1.1,2.2,2.2,1.1,1.1
nuclear_repulsion=4.49801
occinfo=-4.59454,-0.521966,-0.521966,0.00528193,0.00528193,0.00455606,0.00455606,0.00455606,0.00455606