MADNESS MRA-PNO INFORMATION
pairinfo=0,1,2,2.2,1.1
nuclear_repulsion=2.57804
occinfo=-4.78376,-0.527824,-0.32584,0.0425342,0.00709621