MADNESS MRA-PNO INFORMATION
pairinfo=0,1,2,1.1,2.2,2.2,2.2,1.1,1.1
nuclear_repulsion=1.60643
occinfo=-4.88206,-0.345812,-0.345812,0.0699629,0.0699629,0.00344582,0.00344582,0.00344508,0.00344508