MADNESS MRA-PNO INFORMATION
pairinfo=0,1,2,2.2,1.1,1.1,1.1,2.2,2.2
nuclear_repulsion=1.82394
occinfo=-4.86359,-0.398596,-0.333269,0.0634212,0.0307932,0.00410076,0.00410076,0.00346359,0.00346359