MADNESS MRA-PNO INFORMATION
pairinfo=0,1,2,2.2,1.1,1.1,1.1,2.2,2.2,1.1,2.2
nuclear_repulsion=1.95491
occinfo=-4.84843,-0.419689,-0.335333,0.0541749,0.0226589,0.0042801,0.0042801,0.00358213,0.00358213,0.00356617,0.00321495