MADNESS MRA-PNO INFORMATION
pairinfo=0,1,2,2.2,1.1
nuclear_repulsion=2.1457
occinfo=-4.82427,-0.440949,-0.345616,0.0408676,0.0163537