MADNESS MRA-PNO INFORMATION
pairinfo=0,1,2,2.2,1.1,1.1,1.1
nuclear_repulsion=2.1457
occinfo=-4.82427,-0.440949,-0.345616,0.0409172,0.0163545,0.00443153,0.00443153