MADNESS MRA-PNO INFORMATION
pairinfo=0,1,2,2.2,1.1,1.1,1.1,1.1,2.2,2.2,2.2
nuclear_repulsion=2.2343
occinfo=-4.82352,-0.5014,-0.304611,0.069542,0.0102143,0.00461888,0.00461888,0.00377995,0.00336724,0.00336724,0.00317418