MADNESS MRA-PNO INFORMATION
pairinfo=0,1,2,2.2,1.1,1.1,1.1
nuclear_repulsion=2.19538
occinfo=-4.81367,-0.403338,-0.388989,0.02457,0.0214717,0.00426617,0.00426617