MADNESS MRA-PNO INFORMATION
pairinfo=0,1,2,1.1,2.2,2.2,2.2,1.1,1.1,2.2,1.1
nuclear_repulsion=1.87417
occinfo=-4.85626,-0.369592,-0.369592,0.0391066,0.0391066,0.00388866,0.00388866,0.00388866,0.00388866,0.00335887,0.00335887