MADNESS MRA-PNO INFORMATION
pairinfo=0,1,2,2.2,1.1,1.1,1.1,2.2,2.2,1.1,2.2
nuclear_repulsion=2.61418
occinfo=-4.77738,-0.524513,-0.333319,0.0378251,0.00708158,0.00464624,0.00464624,0.00384082,0.00384082,0.00383695,0.0034773