MADNESS MRA-PNO INFORMATION
pairinfo=0,1,2,2.2,1.1,1.1,1.1,2.2,2.2,2.2,1.1
nuclear_repulsion=3.19152
occinfo=-4.69495,-0.511977,-0.413195,0.012503,0.00585373,0.00460111,0.00460111,0.0044238,0.0044238,0.00397985,0.00387493