MADNESS MRA-PNO INFORMATION
pairinfo=0,1,2,2.2,1.1,1.1,1.1,2.2,2.2,1.1,2.2
nuclear_repulsion=2.04577
occinfo=-4.83716,-0.430013,-0.340282,0.0471636,0.0193181,0.00436475,0.00436475,0.00371112,0.00371112,0.00363144,0.00329585