MADNESS MRA-PNO INFORMATION
pairinfo=0,1,2,2.2,1.1,1.1,1.1
nuclear_repulsion=1.98751
occinfo=-4.84386,-0.417234,-0.34282,0.047974,0.0225442,0.00428511,0.00428511