MADNESS MRA-PNO INFORMATION
pairinfo=0,1,2,2.2,1.1,1.1,1.1
nuclear_repulsion=1.92762
occinfo=-4.85448,-0.439279,-0.313611,0.0756978,0.0198036,0.00437531,0.00437531