MADNESS MRA-PNO INFORMATION
pairinfo=0,1,2,2.2,1.1,1.1,1.1,1.1,2.2,2.2,2.2
nuclear_repulsion=2.04696
occinfo=-4.83932,-0.448799,-0.323594,0.0589469,0.0167205,0.00444681,0.00444681,0.00367391,0.00351994,0.00351994,0.00320887