MADNESS MRA-PNO INFORMATION
pairinfo=0,1,2,2.2,1.1,1.1,1.1,2.2,2.2
nuclear_repulsion=1.52516
occinfo=-4.88485,-0.342528,-0.334235,0.0916555,0.0819908,0.00333101,0.00333101,0.00321672,0.00321672