MADNESS MRA-PNO INFORMATION
pairinfo=0,1,2,2.2,1.1,1.1,1.1,2.2,2.2
nuclear_repulsion=2.09316
occinfo=-4.82784,-0.394725,-0.381186,0.0286501,0.0251407,0.00418654,0.00418654,0.00409567,0.00409567