MADNESS MRA-PNO INFORMATION
pairinfo=0,1,2,2.2,1.1
nuclear_repulsion=3.73952
occinfo=-4.6522,-0.541211,-0.436759,0.00903063,0.00525966