MADNESS MRA-PNO INFORMATION
pairinfo=0,1,2,2.2,1.1,1.1,1.1
nuclear_repulsion=1.76969
occinfo=-4.86869,-0.376335,-0.344969,0.0579562,0.0405137,0.00389239,0.00389239