MADNESS MRA-PNO INFORMATION
pairinfo=0,1,2,2.2,1.1,1.1,1.1,1.1,2.2,2.2,2.2
nuclear_repulsion=2.5445
occinfo=-4.78978,-0.53063,-0.319024,0.0479037,0.00715639,0.00465745,0.00465745,0.00380877,0.00366018,0.00366018,0.00336798