MADNESS MRA-PNO INFORMATION
pairinfo=0,1,2,2.2,1.1,1.1,1.1,2.2,2.2
nuclear_repulsion=2.68358
occinfo=-4.77966,-0.550957,-0.316958,0.0471003,0.0061376,0.00467117,0.00467117,0.00366811,0.00366811