MADNESS MRA-PNO INFORMATION
pairinfo=0,1,2,2.2,1.1,1.1,1.1
nuclear_repulsion=3.35146
occinfo=-4.70672,-0.564664,-0.37313,0.0193157,0.00523372,0.00463112,0.00463112