MADNESS MRA-PNO INFORMATION
pairinfo=0,1,2,2.2,1.1,1.1,1.1,2.2,2.2
nuclear_repulsion=3.01193
occinfo=-4.76762,-0.596297,-0.307643,0.0516041,0.00528514,0.00468074,0.00468074,0.00359204,0.00359204