MADNESS MRA-PNO INFORMATION
pairinfo=0,1,2,2.2,1.1,2.2,2.2
nuclear_repulsion=3.74834
occinfo=-4.63574,-0.491555,-0.491555,0.00575856,0.00575856,0.0045642,0.0045642