MADNESS MRA-PNO INFORMATION
pairinfo=0,1,2,2.2,1.1,1.1,1.1
nuclear_repulsion=2.43303
occinfo=-4.78047,-0.422353,-0.406201,0.0179078,0.0155121,0.00440125,0.00440125