MADNESS MRA-PNO INFORMATION
pairinfo=0,1,2,2.2,1.1,1.1,1.1,2.2,2.2
nuclear_repulsion=1.7958
occinfo=-4.86691,-0.400672,-0.326655,0.0715763,0.0310638,0.00410382,0.00410382,0.00335672,0.00335672