MADNESS MRA-PNO INFORMATION
pairinfo=0,1,2,2.2,1.1,1.1,1.1
nuclear_repulsion=2.93224
occinfo=-4.73551,-0.528931,-0.366642,0.0224147,0.00597605,0.00463114,0.00463114