MADNESS MRA-PNO INFORMATION
pairinfo=0,1,2,2.2,1.1,1.1,1.1,2.2,2.2
nuclear_repulsion=2.62069
occinfo=-4.75936,-0.470743,-0.385171,0.0200637,0.00958087,0.00455649,0.00455649,0.00424986,0.00424986