MADNESS MRA-PNO INFORMATION
pairinfo=0,1,2,2.2,1.1,1.1,1.1,2.2,2.2
nuclear_repulsion=2.37356
occinfo=-4.78919,-0.42568,-0.394248,0.0207539,0.015656,0.00440617,0.00440617,0.00425674,0.00425674