MADNESS MRA-PNO INFORMATION
pairinfo=0,1,2,2.2,1.1,1.1,1.1,2.2,2.2,1.1,2.2
nuclear_repulsion=1.98751
occinfo=-4.84386,-0.417234,-0.34282,0.047974,0.0225442,0.0042851,0.0042851,0.00370565,0.00370565,0.00358132,0.00328386