MADNESS MRA-PNO INFORMATION
pairinfo=0,1,2,2.2,1.1,1.1,1.1,2.2,2.2,2.2,1.1
nuclear_repulsion=3.28271
occinfo=-4.69515,-0.535668,-0.39788,0.0145054,0.00538183,0.00461454,0.00461454,0.00436797,0.00436797,0.00393636,0.00353406