MADNESS MRA-PNO INFORMATION
pairinfo=0,1,2,2.2,1.1,1.1,1.1
nuclear_repulsion=1.57871
occinfo=-4.88347,-0.34749,-0.339048,0.0795393,0.0709885,0.00344572,0.00344572