MADNESS MRA-PNO INFORMATION
pairinfo=0,1,2,2.2,1.1,1.1,1.1,2.2,2.2
nuclear_repulsion=3.97502
occinfo=-4.62737,-0.532313,-0.468481,0.00654998,0.0052761,0.00458041,0.00458041,0.00453801,0.00453801