MADNESS MRA-PNO INFORMATION
pairinfo=0,1,2,2.2,1.1,1.1,1.1,2.2,2.2,1.1,2.2
nuclear_repulsion=2.74157
occinfo=-4.755,-0.513671,-0.359164,0.025882,0.00695088,0.00462498,0.00462498,0.00409561,0.00409561,0.0038897,0.00364979