MADNESS MRA-PNO INFORMATION
pairinfo=0,1,2,2.2,1.1,1.1,1.1,2.2,2.2,1.1,2.2
nuclear_repulsion=2.04853
occinfo=-4.83415,-0.397516,-0.371267,0.0329033,0.025417,0.00418923,0.00418923,0.0040017,0.0040017,0.00353904,0.00344129