MADNESS MRA-PNO INFORMATION
pairinfo=0,1,2,2.2,1.1,1.1,1.1,2.2,2.2
nuclear_repulsion=1.64847
occinfo=-4.87956,-0.373033,-0.327046,0.085441,0.0480364,0.00378786,0.00378786,0.00322932,0.00322932