MADNESS MRA-PNO INFORMATION
pairinfo=0,1,2,2.2,1.1,1.1,1.1,2.2,2.2
nuclear_repulsion=1.87192
occinfo=-4.85852,-0.409861,-0.330847,0.0622424,0.0265653,0.00419617,0.00419617,0.00347099,0.00347099