MADNESS MRA-PNO INFORMATION
pairinfo=0,1,2,2.2,1.1,1.1,1.1,1.1,2.2,2.2,2.2
nuclear_repulsion=2.26131
occinfo=-4.81937,-0.499016,-0.310421,0.0622459,0.0101598,0.00461351,0.00461351,0.00378787,0.00345797,0.00345797,0.00322178