MADNESS MRA-PNO INFORMATION
pairinfo=0,1,2,2.2,1.1,1.1,1.1,2.2,2.2,2.2,1.1
nuclear_repulsion=3.04868
occinfo=-4.71636,-0.520588,-0.388295,0.0169116,0.00591196,0.00461599,0.00461599,0.00431188,0.00431188,0.00385615,0.00383702