MADNESS MRA-PNO INFORMATION
pairinfo=0,1,2,2.2,1.1
nuclear_repulsion=4.29298
occinfo=-4.60391,-0.524715,-0.503612,0.00535599,0.00528667