MADNESS MRA-PNO INFORMATION
pairinfo=0,1,2,2.2,1.1,1.1,1.1
nuclear_repulsion=2.3081
occinfo=-4.79794,-0.412584,-0.39731,0.0210103,0.0182851,0.00433869,0.00433869