MADNESS MRA-PNO INFORMATION
pairinfo=0,1,2,2.2,1.1,1.1,1.1,2.2,2.2
nuclear_repulsion=3.0437
occinfo=-4.76169,-0.592931,-0.314038,0.0461702,0.00527727,0.00467544,0.00467544,0.0036788,0.0036788