MADNESS MRA-PNO INFORMATION
pairinfo=0,1,2,2.2,1.1,1.1,1.1
nuclear_repulsion=1.81729
occinfo=-4.86517,-0.413973,-0.318226,0.0789573,0.0269927,0.00420421,0.00420421