MADNESS MRA-PNO INFORMATION
pairinfo=0,1,2,2.2,1.1
nuclear_repulsion=1.76456
occinfo=-4.86907,-0.36522,-0.354807,0.0517301,0.0459089