MADNESS MRA-PNO INFORMATION
pairinfo=0,1,2,2.2,1.1
nuclear_repulsion=3.44322
occinfo=-4.67346,-0.526572,-0.424454,0.0106331,0.00459955