MADNESS MRA-PNO INFORMATION
pairinfo=0,1,2,2.2,1.1,1.1,1.1
nuclear_repulsion=2.45687
occinfo=-4.80481,-0.538945,-0.300651,0.0668725,0.00726304,0.00467333,0.00467333