MADNESS MRA-PNO INFORMATION
pairinfo=0,1,2,2.2,1.1
nuclear_repulsion=2.45687
occinfo=-4.80481,-0.538945,-0.300651,0.0667166,0.00722929