MADNESS MRA-PNO INFORMATION
pairinfo=0,1,2,2.2,1.1,1.1,1.1,2.2,2.2,2.2,1.1
nuclear_repulsion=3.77301
occinfo=-4.63669,-0.513571,-0.470979,0.00655274,0.00535456,0.00457743,0.00457743,0.00454556,0.00454556,0.00411609,0.00357258