MADNESS MRA-PNO INFORMATION
pairinfo=0,1,2,2.2,1.1,1.1,1.1,2.2,2.2
nuclear_repulsion=2.81593
occinfo=-4.77561,-0.57453,-0.30908,0.0520791,0.00555808,0.00468087,0.00468087,0.00358661,0.00358661