MADNESS MRA-PNO INFORMATION
pairinfo=0,1,2,2.2,1.1,1.1,1.1,1.1,2.2,2.2,2.2
nuclear_repulsion=1.58237
occinfo=-4.88325,-0.356602,-0.330942,0.0885668,0.0630248,0.00355961,0.00355961,0.00340485,0.00322085,0.00322085,0.00320977