MADNESS MRA-PNO INFORMATION
pairinfo=0,1,2,2.2,1.1
nuclear_repulsion=3.15431
occinfo=-4.74151,-0.581779,-0.335993,0.0324638,0.00465852