MADNESS MRA-PNO INFORMATION
pairinfo=0,1,2,2.2,1.1,1.1,1.1,1.1,2.2,2.2,2.2
nuclear_repulsion=2.17044
occinfo=-4.82804,-0.481978,-0.312612,0.0635058,0.0120607,0.00456979,0.00456979,0.00375472,0.00344613,0.00344613,0.00319892