MADNESS MRA-PNO INFORMATION
pairinfo=0,1,2,2.2,1.1
nuclear_repulsion=2.97489
occinfo=-4.71732,-0.497683,-0.403061,0.0146758,0.00676533