MADNESS MRA-PNO INFORMATION
pairinfo=0,1,2,2.2,1.1
nuclear_repulsion=3.84913
occinfo=-4.63983,-0.536668,-0.452147,0.00766927,0.00526711