MADNESS MRA-PNO INFORMATION
pairinfo=0,1,2,1.1,2.2,2.2,2.2,1.1,1.1,1.1,2.2
nuclear_repulsion=1.60643
occinfo=-4.88206,-0.345812,-0.345812,0.0699648,0.0699648,0.00344573,0.00344573,0.00344507,0.00344507,0.00329424,0.00329424