MADNESS MRA-PNO INFORMATION
pairinfo=0,1,2,2.2,1.1,1.1,1.1,2.2,2.2,1.1,2.2
nuclear_repulsion=2.00004
occinfo=-4.84038,-0.386634,-0.373907,0.0333593,0.0293692,0.00409912,0.00409912,0.0040025,0.0040025,0.00348474,0.00343447