MADNESS MRA-PNO INFORMATION
pairinfo=0,1,2,2.2,1.1,1.1,1.1,1.1,2.2,2.2,2.2
nuclear_repulsion=1.92457
occinfo=-4.85248,-0.422042,-0.328346,0.061149,0.0228485,0.00428492,0.00428492,0.00356838,0.00347698,0.00347698,0.00316363