MADNESS MRA-PNO INFORMATION
pairinfo=0,1,2,2.2,1.1
nuclear_repulsion=3.29537
occinfo=-4.71633,-0.569158,-0.362875,0.0221191,0.00463786