MADNESS MRA-PNO INFORMATION
pairinfo=0,1,2,2.2,1.1,1.1,1.1
nuclear_repulsion=2.88142
occinfo=-4.76384,-0.568291,-0.322212,0.0416041,0.00551893,0.00467023,0.00467023