MADNESS MRA-PNO INFORMATION
pairinfo=0,1,2,2.2,1.1,1.1,1.1,1.1,2.2,2.2,2.2
nuclear_repulsion=2.48413
occinfo=-4.80034,-0.536358,-0.306371,0.0599812,0.00722876,0.0046681,0.0046681,0.00378281,0.00348122,0.00348122,0.00327047