MADNESS MRA-PNO INFORMATION
pairinfo=0,1,2,2.2,1.1,1.1,1.1,2.2,2.2
nuclear_repulsion=2.07751
occinfo=-4.83482,-0.446297,-0.330441,0.0522733,0.0166005,0.00444224,0.00444224,0.00361821,0.00361821