MADNESS MRA-PNO INFORMATION
pairinfo=0,1,2,2.2,1.1,1.1,1.1,2.2,2.2
nuclear_repulsion=3.41324
occinfo=-4.69674,-0.560096,-0.384126,0.0167405,0.00524114,0.00462398,0.00462398,0.00430565,0.00430565