MADNESS MRA-PNO INFORMATION
pairinfo=0,1,2,2.2,1.1,1.1,1.1,2.2,2.2
nuclear_repulsion=2.18391
occinfo=-4.81823,-0.438098,-0.354025,0.0359552,0.0162229,0.00442631,0.00442631,0.00390996,0.00390996