MADNESS MRA-PNO INFORMATION
pairinfo=0,1,2,2.2,1.1,1.1,1.1,2.2,2.2,1.1,2.2
nuclear_repulsion=2.82163
occinfo=-4.72964,-0.459438,-0.422476,0.0127721,0.00935933,0.00453602,0.00453602,0.00443775,0.00443775,0.00397589,0.00391344