MADNESS MRA-PNO INFORMATION
pairinfo=0,1,2,2.2,1.1,1.1,1.1,2.2,2.2
nuclear_repulsion=2.01844
occinfo=-4.8434,-0.451135,-0.317203,0.0661225,0.0168237,0.0044514,0.0044514,0.00342244,0.00342244