MADNESS MRA-PNO INFORMATION
pairinfo=0,1,2,2.2,1.1,1.1,1.1,2.2,2.2,1.1,2.2
nuclear_repulsion=2.72593
occinfo=-4.74842,-0.487792,-0.382274,0.0198735,0.00808633,0.00458794,0.00458794,0.00424885,0.00424885,0.00394122,0.00374953