MADNESS MRA-PNO INFORMATION
pairinfo=0,1,2,2.2,1.1
nuclear_repulsion=2.68084
occinfo=-4.75002,-0.467022,-0.396745,0.0173477,0.00950862