MADNESS MRA-PNO INFORMATION
pairinfo=0,1,2,2.2,1.1,1.1,1.1,2.2,2.2,1.1,2.2
nuclear_repulsion=2.98765
occinfo=-4.7262,-0.524805,-0.377093,0.0195139,0.00594303,0.0046235,0.0046235,0.00424561,0.00424561,0.0038182,0.00379358