MADNESS MRA-PNO INFORMATION
pairinfo=0,1,2,1.1,2.2,1.1,1.1
nuclear_repulsion=2.64589
occinfo=-4.75132,-0.42932,-0.42932,0.0129964,0.0129964,0.00444806,0.00444806