MADNESS MRA-PNO INFORMATION
pairinfo=0,1,2,2.2,1.1,1.1,1.1
nuclear_repulsion=2.35433
occinfo=-4.80374,-0.490823,-0.330439,0.0440043,0.00998498,0.0045957,0.0045957