MADNESS MRA-PNO INFORMATION
pairinfo=0,1,2,2.2,1.1,1.1,1.1,1.1,2.2,2.2,2.2
nuclear_repulsion=1.86976
occinfo=-4.86003,-0.426182,-0.315928,0.0773071,0.0231719,0.00429288,0.00429288,0.00357463,0.00327217,0.00327217,0.00306305