MADNESS MRA-PNO INFORMATION
pairinfo=0,1,2,2.2,1.1,1.1,1.1,2.2,2.2,1.1,2.2
nuclear_repulsion=2.85325
occinfo=-4.72882,-0.479971,-0.406035,0.0147958,0.00797203,0.00457341,0.00457341,0.00437857,0.00437857,0.00398592,0.00387452