MADNESS MRA-PNO INFORMATION
pairinfo=0,1,2,2.2,1.1,1.1,1.1,1.1,2.2,2.2,2.2
nuclear_repulsion=1.75197
occinfo=-4.87081,-0.390185,-0.328896,0.0729862,0.0359175,0.00400181,0.00400181,0.00345388,0.0033504,0.0033504,0.00311515