MADNESS MRA-PNO INFORMATION
pairinfo=0,1,2,2.2,1.1,1.1,1.1,2.2,2.2
nuclear_repulsion=2.59549
occinfo=-4.7952,-0.559223,-0.298917,0.0655931,0.00620961,0.0046862,0.0046862,0.00340543,0.00340543