MADNESS MRA-PNO INFORMATION
pairinfo=0,1,2,2.2,1.1
nuclear_repulsion=2.2178
occinfo=-4.81601,-0.455488,-0.343055,0.0401894,0.0139003