MADNESS MRA-PNO INFORMATION
pairinfo=0,1,2,2.2,1.1,1.1,1.1,2.2,2.2
nuclear_repulsion=2.5445
occinfo=-4.78978,-0.53063,-0.319024,0.0477994,0.00712959,0.00465744,0.00465744,0.00366018,0.00366018