MADNESS MRA-PNO INFORMATION
pairinfo=0,1,2,2.2,1.1,1.1,1.1
nuclear_repulsion=2.84695
occinfo=-4.73729,-0.505849,-0.379588,0.0196817,0.00686084,0.00460988,0.00460988