MADNESS MRA-PNO INFORMATION
pairinfo=0,1,2,2.2,1.1,1.1,1.1,2.2,2.2
nuclear_repulsion=1.89625
occinfo=-4.85665,-0.424088,-0.32199,0.0689394,0.0230869,0.00429805,0.00429805,0.00340152,0.00340152