MADNESS MRA-PNO INFORMATION
pairinfo=0,1,2,2.2,1.1
nuclear_repulsion=3.11459
occinfo=-4.74881,-0.585705,-0.328166,0.0366191,0.0046642