MADNESS MRA-PNO INFORMATION
pairinfo=0,1,2,2.2,1.1,1.1,1.1
nuclear_repulsion=1.96968
occinfo=-4.84515,-0.402835,-0.353363,0.0429325,0.0259531,0.004195,0.004195