MADNESS MRA-PNO INFORMATION
pairinfo=0,1,2,2.2,1.1
nuclear_repulsion=2.22533
occinfo=-4.81173,-0.435113,-0.363058,0.0315223,0.0160878