MADNESS MRA-PNO INFORMATION
pairinfo=0,1,2,2.2,1.1,1.1,1.1,2.2,2.2,2.2,1.1
nuclear_repulsion=3.21473
occinfo=-4.70569,-0.540141,-0.385999,0.0168099,0.00539535,0.00462189,0.00462189,0.00430894,0.00430894,0.00387372,0.00352388