MADNESS MRA-PNO INFORMATION
pairinfo=0,1,2,2.2,1.1,1.1,1.1,2.2,2.2
nuclear_repulsion=1.69793
occinfo=-4.87537,-0.35893,-0.349201,0.0597715,0.0531441,0.00367319,0.00367319,0.00356187,0.00356187