MADNESS MRA-PNO INFORMATION
pairinfo=0,1,2,2.2,1.1,1.1,1.1,2.2,2.2,1.1,2.2
nuclear_repulsion=1.73241
occinfo=-4.87234,-0.367323,-0.347143,0.0588504,0.0464507,0.00378398,0.00378398,0.00356288,0.00356288,0.00334567,0.00323048