MADNESS MRA-PNO INFORMATION
pairinfo=0,1,2,2.2,1.1,1.1,1.1
nuclear_repulsion=2.42434
occinfo=-4.78636,-0.461694,-0.367019,0.0268457,0.0115101,0.00452875,0.00452875