MADNESS MRA-PNO INFORMATION
pairinfo=0,1,2,2.2,1.1,1.1,1.1,1.1,2.2,2.2,2.2
nuclear_repulsion=1.71171
occinfo=-4.87453,-0.38034,-0.331172,0.0743224,0.0413812,0.00389612,0.00389612,0.00342134,0.00334453,0.00334453,0.00313004