MADNESS MRA-PNO INFORMATION
pairinfo=0,1,2,2.2,1.1
nuclear_repulsion=1.73241
occinfo=-4.87234,-0.367323,-0.347143,0.0590126,0.0466031