MADNESS MRA-PNO INFORMATION
pairinfo=0,1,2,2.2,1.1,1.1,1.1
nuclear_repulsion=2.59549
occinfo=-4.7952,-0.559223,-0.298917,0.0657412,0.00624538,0.00468621,0.00468621