MADNESS MRA-PNO INFORMATION
pairinfo=0,1,2,2.2,1.1,1.1,1.1,2.2,2.2
nuclear_repulsion=1.95491
occinfo=-4.84843,-0.419689,-0.335333,0.0542641,0.0227306,0.0042891,0.0042891,0.00360451,0.00360451