MADNESS MRA-PNO INFORMATION
pairinfo=0,1,2,2.2,1.1,1.1,1.1
nuclear_repulsion=2.06328
occinfo=-4.83987,-0.468251,-0.30898,0.0724116,0.0143049,0.00451287,0.00451287