MADNESS MRA-PNO INFORMATION
pairinfo=0,1,2,2.2,1.1,1.1,1.1,2.2,2.2,1.1,2.2
nuclear_repulsion=1.7025
occinfo=-4.87506,-0.369322,-0.340001,0.0668241,0.0470036,0.00378447,0.00378447,0.00345037,0.00345037,0.00336725,0.00319037