MADNESS MRA-PNO INFORMATION
pairinfo=0,1,2,2.2,1.1,1.1,1.1,2.2,2.2
nuclear_repulsion=2.51327
occinfo=-4.79527,-0.533533,-0.312489,0.0535592,0.00716494,0.00466342,0.00466342,0.00357029,0.00357029