MADNESS MRA-PNO INFORMATION
pairinfo=0,1,2,2.2,1.1,1.1,1.1
nuclear_repulsion=2.95457
occinfo=-4.77771,-0.60182,-0.296229,0.0642307,0.00529507,0.00468999,0.00468999