MADNESS MRA-PNO INFORMATION
pairinfo=0,1,2,2.2,1.1,1.1,1.1,1.1,2.2,2.2,2.2
nuclear_repulsion=1.64023
occinfo=-4.87994,-0.362736,-0.335351,0.0769626,0.0544497,0.00367323,0.00367323,0.00337343,0.00333586,0.00333586,0.00318623