MADNESS MRA-PNO INFORMATION
pairinfo=0,1,2,2.2,1.1,1.1,2.2,1.1,1.1,2.2,2.2
nuclear_repulsion=1.52516
occinfo=-4.88485,-0.342528,-0.334235,0.0916519,0.0820067,0.00341933,0.00335168,0.00333101,0.00333101,0.00321672,0.00321672