MADNESS MRA-PNO INFORMATION
pairinfo=0,1,2,2.2,1.1,1.1,1.1
nuclear_repulsion=2.98229
occinfo=-4.77283,-0.598919,-0.301844,0.0577298,0.00528717,0.00468545,0.00468545