MADNESS MRA-PNO INFORMATION
pairinfo=0,1,2,2.2,1.1,1.1,1.1,2.2,2.2,2.2,1.1
nuclear_repulsion=4.29298
occinfo=-4.60391,-0.524715,-0.503612,0.00535284,0.00527498,0.00456539,0.00456539,0.00455381,0.00455381,0.00358588,0.00305089