MADNESS MRA-PNO INFORMATION
pairinfo=0,1,2,2.2,1.1,1.1,1.1
nuclear_repulsion=2.4465
occinfo=-4.77976,-0.439718,-0.39118,0.0205324,0.0133471,0.0044652,0.0044652