MADNESS MRA-PNO INFORMATION
pairinfo=0,1,2,2.2,1.1,1.1,1.1,2.2,2.2,1.1,2.2
nuclear_repulsion=1.73969
occinfo=-4.87182,-0.378395,-0.337845,0.06572,0.0409566,0.00389401,0.00389401,0.00345366,0.00345366,0.00340115,0.00317116