MADNESS MRA-PNO INFORMATION
pairinfo=0,1,2,2.2,1.1,1.1,1.1
nuclear_repulsion=2.08101
occinfo=-4.83187,-0.427343,-0.348228,0.0415806,0.019157,0.00436016,0.00436016