MADNESS MRA-PNO INFORMATION
pairinfo=0,1,2,2.2,1.1,1.1,1.1,2.2,2.2,1.1,2.2
nuclear_repulsion=1.84242
occinfo=-4.86062,-0.383812,-0.350263,0.0502266,0.0348549,0.00399521,0.00399521,0.00367652,0.00367652,0.00341834,0.00325365