MADNESS MRA-PNO INFORMATION
pairinfo=0,1,2,2.2,1.1
nuclear_repulsion=3.15334
occinfo=-4.71569,-0.544524,-0.374906,0.0193661,0.00462941