MADNESS MRA-PNO INFORMATION
pairinfo=0,1,2,2.2,1.1
nuclear_repulsion=3.47939
occinfo=-4.66024,-0.499191,-0.457484,0.00769821,0.00578721