MADNESS MRA-PNO INFORMATION
pairinfo=0,1,2,2.2,1.1,1.1,1.1,2.2,2.2,2.2,1.1
nuclear_repulsion=3.41324
occinfo=-4.69674,-0.560096,-0.384126,0.0167551,0.00523249,0.00462399,0.00462399,0.00430565,0.00430565,0.0038861,0.00303933