MADNESS MRA-PNO INFORMATION
pairinfo=0,1,2,2.2,1.1,1.1,1.1
nuclear_repulsion=1.80192
occinfo=-4.86468,-0.374251,-0.352489,0.0509931,0.0400505,0.00389021,0.00389021