MADNESS MRA-PNO INFORMATION
pairinfo=0,1,2,2.2,1.1,1.1,1.1,2.2,2.2,1.1,2.2
nuclear_repulsion=1.87724
occinfo=-4.85609,-0.381519,-0.358345,0.044116,0.0344794,0.00399301,0.00399301,0.00378335,0.00378335,0.00341467,0.00330615