MADNESS MRA-PNO INFORMATION
pairinfo=0,1,2,2.2,1.1,1.1,1.1,2.2,2.2
nuclear_repulsion=3.46
occinfo=-4.65991,-0.477584,-0.477584,0.00658924,0.00658924,0.00455937,0.00455937,0.00455937,0.00455937