MADNESS MRA-PNO INFORMATION
pairinfo=0,1,2,2.2,1.1,1.1,1.1,1.1,2.2,2.2,2.2
nuclear_repulsion=2.22997
occinfo=-4.8185,-0.476867,-0.325629,0.0504382,0.0119192,0.00455857,0.00455857,0.00376903,0.00363442,0.00363442,0.00329707