MADNESS MRA-PNO INFORMATION
pairinfo=0,1,2,2.2,1.1,1.1,1.1
nuclear_repulsion=2.37356
occinfo=-4.78919,-0.42568,-0.394248,0.020765,0.0156567,0.00440617,0.00440617