MADNESS MRA-PNO INFORMATION
pairinfo=0,1,2,2.2,1.1,1.1,1.1,2.2,2.2,2.2,1.1
nuclear_repulsion=3.01193
occinfo=-4.76762,-0.596297,-0.307643,0.0517403,0.0052792,0.00468073,0.00468073,0.00359204,0.00359204,0.00337563,0.00300396