MADNESS MRA-PNO INFORMATION
pairinfo=0,1,2,2.2,1.1,1.1,1.1
nuclear_repulsion=2.26306
occinfo=-4.81302,-0.474046,-0.332826,0.0447574,0.0118431,0.00455299,0.00455299