MADNESS MRA-PNO INFORMATION
pairinfo=0,1,2,2.2,1.1,1.1,1.1,2.2,2.2
nuclear_repulsion=2.62107
occinfo=-4.76581,-0.495327,-0.361639,0.0261372,0.00819608,0.0046024,0.0046024,0.00409458,0.00409458