MADNESS MRA-PNO INFORMATION
pairinfo=0,1,2,2.2,1.1
nuclear_repulsion=2.78635
occinfo=-4.73892,-0.483903,-0.393739,0.0171812,0.00802913