MADNESS MRA-PNO INFORMATION
pairinfo=0,1,2,2.2,1.1,1.1,1.1,2.2,2.2
nuclear_repulsion=2.67108
occinfo=-4.75742,-0.491611,-0.371607,0.0228339,0.00814067,0.00459516,0.00459516,0.00417401,0.00417401