MADNESS MRA-PNO INFORMATION
pairinfo=0,1,2,2.2,1.1,1.1,1.1
nuclear_repulsion=3.13366
occinfo=-4.69614,-0.489415,-0.430112,0.0107286,0.00669233,0.00458104,0.00458104