MADNESS MRA-PNO INFORMATION
pairinfo=0,1,2,2.2,1.1
nuclear_repulsion=2.3081
occinfo=-4.79794,-0.412584,-0.39731,0.0210005,0.0182814