MADNESS MRA-PNO INFORMATION
pairinfo=0,1,2,2.2,1.1,1.1,1.1,2.2,2.2
nuclear_repulsion=3.60383
occinfo=-4.64788,-0.495212,-0.474053,0.00656877,0.00577095,0.00457176,0.00457176,0.00455287,0.00455287