MADNESS MRA-PNO INFORMATION
pairinfo=0,1,2,2.2,1.1,1.1,1.1
nuclear_repulsion=1.82394
occinfo=-4.86359,-0.398596,-0.333269,0.0634599,0.0308011,0.00410076,0.00410076