MADNESS MRA-PNO INFORMATION
pairinfo=0,1,2,2.2,1.1
nuclear_repulsion=3.10555
occinfo=-4.69636,-0.468172,-0.448386,0.00961519,0.00821378