MADNESS MRA-PNO INFORMATION
pairinfo=0,1,2,2.2,1.1
nuclear_repulsion=3.07782
occinfo=-4.75555,-0.589424,-0.320878,0.0411857,0.00466965