MADNESS MRA-PNO INFORMATION
pairinfo=0,1,2,2.2,1.1,1.1,1.1
nuclear_repulsion=1.68553
occinfo=-4.8769,-0.382204,-0.324946,0.0838615,0.0417873,0.0038983,0.0038983