MADNESS MRA-PNO INFORMATION
pairinfo=0,1,2,2.2,1.1,2.2,2.2,1.1,1.1
nuclear_repulsion=2.36737
occinfo=-4.7895,-0.409429,-0.409429,0.0180879,0.0180879,0.00433383,0.00433383,0.00433383,0.00433383