MADNESS MRA-PNO INFORMATION
pairinfo=0,1,2,2.2,1.1,1.1,1.1,2.2,2.2,1.1,2.2
nuclear_repulsion=2.06058
occinfo=-4.83331,-0.411993,-0.35936,0.0371034,0.0221373,0.0042772,0.0042772,0.0039055,0.0039055,0.0035881,0.00339462