MADNESS MRA-PNO INFORMATION
pairinfo=0,1,2,2.2,1.1,1.1,1.1,2.2,2.2
nuclear_repulsion=2.14936
occinfo=-4.82697,-0.461062,-0.328018,0.0513013,0.0140943,0.00450545,0.00450545,0.00362598,0.00362598