MADNESS MRA-PNO INFORMATION
pairinfo=0,1,2,2.2,1.1,1.1,1.1,2.2,2.2
nuclear_repulsion=1.84369
occinfo=-4.86203,-0.411974,-0.324329,0.0701742,0.0267835,0.00420034,0.00420034,0.00336459,0.00336459