MADNESS MRA-PNO INFORMATION
pairinfo=0,1,2,2.2,1.1
nuclear_repulsion=2.33777
occinfo=-4.81447,-0.519666,-0.302567,0.0679958,0.00857188