MADNESS MRA-PNO INFORMATION
pairinfo=0,1,2,2.2,1.1,1.1,1.1,1.1,2.2,2.2,2.2
nuclear_repulsion=2.45687
occinfo=-4.80481,-0.538945,-0.300651,0.0668725,0.00726304,0.00467338,0.00467338,0.00377149,0.00339369,0.00339369,0.00322318