MADNESS MRA-PNO INFORMATION
pairinfo=0,1,2,2.2,1.1,1.1,1.1,1.1,2.2,2.2,2.2
nuclear_repulsion=1.61418
occinfo=-4.88166,-0.364523,-0.329046,0.087025,0.0550913,0.00367449,0.00367449,0.00341222,0.00322432,0.00322432,0.00315905