MADNESS MRA-PNO INFORMATION
pairinfo=0,1,2,2.2,1.1,1.1,1.1,2.2,2.2,2.2,1.1
nuclear_repulsion=3.55782
occinfo=-4.67493,-0.550761,-0.408546,0.0124175,0.00523519,0.00460922,0.00460922,0.00441438,0.00441438,0.00400896,0.00304367