MADNESS MRA-PNO INFORMATION
pairinfo=0,1,2,2.2,1.1,1.1,1.1,2.2,2.2
nuclear_repulsion=3.09761
occinfo=-4.72503,-0.548818,-0.364567,0.0222194,0.0054311,0.00463689,0.00463689,0.00417261,0.00417261